1111111111111111111111111111111
1000000000000000000000000000001
1000000008888888888800000000001
1000000007777777777700000000001
1000000007777777777700000000001
1000000006666666666600000000001
1000000006666666666600000000001
1000000000000000000000000000001
1000000000000000000000000000001
1000000000000000000000000000001
1000000000000000000000000000001
1000000000000000000000000000001
1000000000000000000000000000001
1000000000000000000000000000001
1000000000000000000000000000001
1000000000000000000000000000001
1000004440044400004440044400001
1000004040040400004040040400001
1000000000000000000000000000001
1000000000000020000000000000001
1111111111111111111111111111111